Weights: 
[[[ 1.61068736e-01  1.49563871e-01 -1.28954791e-01 -2.66550043e-01
    9.15673722e-02 -1.87259344e-01  5.86959963e-02  3.15766324e-01
    1.26720495e-01]
  [-2.06127696e-01 -4.10522709e-01 -2.05890690e-01 -2.53696215e-01
    2.75279824e-01 -2.58662318e-01 -3.23652421e-01  9.05166021e-02
    1.86133389e-01]
  [-1.39691340e-02 -6.00892550e-01 -4.85666460e-01 -2.46411649e-01
   -4.74939535e-01 -5.71241248e-01 -6.06203080e-01 -3.10420989e-01
   -2.64657064e-01]
  [ 3.50249993e-01 -5.15541330e-01 -2.16577077e-01 -2.31443501e-01
    1.33319262e-01 -9.25489561e-02 -4.25534481e-02 -4.60149666e-01
   -2.83374716e-01]
  [ 2.07654125e-04 -1.20911822e-01 -4.89803435e-01 -3.75316340e-01
   -5.32823305e-01 -1.03784026e-01  3.68219994e-01 -5.15276969e-01
    3.20531555e-01]
  [-4.79791708e-01  4.85080211e-02 -1.56938364e-01 -5.26084623e-01
    3.16934890e-01 -5.85570926e-01  2.01469463e-01  1.37471287e-01
    2.45865346e-01]
  [-5.53437954e-01  1.47850374e-01 -4.61254355e-01 -2.43005837e-02
    1.88948012e-01 -9.29911891e-02  5.87680230e-02  5.94368213e-02
   -3.12850347e-01]
  [ 2.11118616e-01  2.54607171e-04  6.40421184e-02 -4.75468925e-01
   -4.55355022e-01  3.30441148e-01  1.41825301e-01 -1.19061182e-01
    1.86665269e-01]
  [-2.83073809e-01 -3.52804307e-01  9.65419807e-03 -4.50655598e-01
   -3.50660873e-01 -2.89641402e-01 -1.18538751e-01 -4.28042587e-02
    2.25781112e-01]]

 [[ 1.06807950e+00  1.76143953e+00  1.01256695e+00  1.22586447e+00
    1.11412501e+00  1.05375645e+00  1.76823567e+00  1.79845080e+00
    1.35153566e+00]
  [ 1.42365510e+00  8.58320941e-01  1.23099055e+00  9.57959236e-01
    8.74689471e-01  8.98886027e-01  1.23131211e+00  1.38942325e+00
    1.57012777e+00]
  [ 1.48289694e+00  1.06906747e+00  1.16193058e+00  9.27473484e-01
    1.19376374e+00  1.02247633e+00  1.38632704e+00  1.02912734e+00
    1.50272058e+00]
  [ 9.98876642e-01  1.33848626e+00  1.11471567e+00  1.42415314e+00
    1.67108966e+00  1.14786588e+00  1.01802851e+00  1.61168367e+00
    1.14629372e+00]
  [ 1.67020409e+00  1.32645699e+00  1.69786250e+00  1.52609185e+00
    1.05961156e+00  1.09418867e+00  1.16384083e+00  1.03172135e+00
    1.25090569e+00]
  [ 1.39462545e+00  1.77812479e+00  1.06767252e+00  1.68901843e+00
    1.37095698e+00  1.53955809e+00  1.19734074e+00  1.63692928e+00
    1.52424002e+00]
  [ 1.39659368e+00  8.92957888e-01  1.67054062e+00  1.49921815e+00
    1.65683361e+00  1.77180061e+00  1.37677904e+00  1.46058853e+00
    1.31390776e+00]
  [ 1.25597699e+00  1.69664355e+00  1.70279048e+00  1.21968841e+00
    8.32914534e-01  1.31143168e+00  1.01448053e+00  9.68531140e-01
    1.34384513e+00]
  [ 1.64406948e+00  1.24158625e+00  1.28438524e+00  1.27678853e+00
    9.81434709e-01  1.63800198e+00  1.42895060e+00  8.84806192e-01
    1.70811523e+00]]]

 Bias: 
[[0.22747307 0.83939365 0.97892022 0.99735734 0.82799479 0.79629123
  0.24296053 0.04336028 0.97637616]
 [0.54387014 0.08866272 0.12594727 0.16973761 0.43010673 0.92042279
  0.99935033 0.3619859  0.14450607]]